{"1-1-10": {"poses_world": [null, null, null, null, null, null, null, null, null, null, null, null, null, null, null, null, null, null, null, null, null, null, null, null, null, null, null, null, null, null, null, null, null, null, null, [[-0.45507542711255866, -0.8904414674060889, -0.004510960208493657, 0.14324714516074077], [-0.8904523734468958, 0.45506384648116405, 0.003386184954723926, 0.2818244590997044], [-0.0009624245961918777, 0.005557764788731576, -0.9999840923681956, 0.015478904861079727], [0.0, 0.0, 0.0, 1.0]], null, null, null, [[-0.6910890950597666, 0.7125040147164595, -0.1213832430872866, -0.07503268905601973], [0.721246936017911, 0.6907336895395233, -0.05186354615604914, -0.07536487020871879], [0.046890510492335204, -0.12338962334019671, -0.9912498579458698, 0.03588210226236282], [0.0, 0.0, 0.0, 1.0]], null, null, null, null, null, null, null, null, [[0.7017195422027459, -0.7074620491697605, -0.08418511195742173, -0.041533435622249086], [-0.7069521390002284, -0.7060787526552288, 0.04088359343092939, 0.21683822045180878], [-0.08836490962910722, 0.030826028504324043, -0.9956110679943682, 0.041307905151910615], [0.0, 0.0, 0.0, 1.0]], null, null, [[0.9321762498915491, -0.361944322243406, -0.006614131377315476, 0.02296977371873519], [0.3617754025147124, 0.9320804367366738, -0.018563878583847625, 0.06545177965824141], [0.012883992915042662, 0.014911976680419003, 0.9998057989820033, 0.010235248205046095], [0.0, 0.0, 0.0, 1.0]], null, null, null, null, null, null, [[0.3913562113743751, -0.9189159711712735, 0.04933308975766923, -0.013708343533795476], [0.9202182011390655, 0.3911472643035436, -0.014222514553538417, 0.12449444671407814], [-0.006227207324891504, 0.05096327652532467, 0.9986811134364827, 0.023035167593476694], [0.0, 0.0, 0.0, 1.0]], null, null, null, null, null, null, null, null, null, null, null, null, null, null, null, null, null, null, null, null]}, "1-1-11": {"poses_world": [null, null, null, null, null, null, null, null, null, null, null, null, null, null, null, null, null, null, null, null, null, null, null, null, null, null, null, null, null, null, null, null, null, null, null, [[0.9846677515083179, -0.17443987204307224, -0.0003875321155528509, 0.02251654789316041], [0.17442657549859228, 0.9846157062921013, -0.010357638858495215, 0.3605735754184482], [0.002188355404810894, 0.010131237065918288, 0.9999462831253062, 0.015408171604939652], [0.0, 0.0, 0.0, 1.0]], null, null, null, [[-0.9319820964404602, -0.34877811762611577, -0.09880888917303993, 0.11038153564359386], [-0.34561318078324743, 0.937144747631889, -0.04807547456691457, -0.1724293617033521], [0.10936590503128384, -0.010655827097488692, -0.9939444411864943, 0.03614996338478739], [0.0, 0.0, 0.0, 1.0]], null, null, null, null, null, null, null, null, [[0.772198748423942, 0.6350597205065465, -0.02020505685713712, 0.20008948544537528], [0.6348494945834682, -0.7724630137952233, -0.016340487920376387, -0.0305887116416327], [-0.025984844805430854, -0.0002090658130322251, -0.9996623150503829, 0.04089996870169571], [0.0, 0.0, 0.0, 1.0]], null, null, [[-0.10875524990238042, -0.9926210046407258, 0.053626828777190855, 0.1994752851173458], [-0.9937445424535176, 0.10718421396329253, -0.031358071065044076, -0.1265652368820758], [0.025378730514352778, -0.0567017232815571, -0.9980685520616154, 0.009860364868554773], [0.0, 0.0, 0.0, 1.0]], null, null, null, null, null, null, [[-0.009209067217649544, -0.0009241157364587178, -0.9999571686282808, 0.13421865228906416], [0.9999572645294681, 0.0008052776481575247, -0.009209812302469714, 0.3484973541927696], [0.000813754089488885, -0.9999992487687251, 0.0009166603879482898, 0.023315743943985594], [0.0, 0.0, 0.0, 1.0]], null, null, null, null, null, null, null, null, null, null, null, null, null, null, null, null, null, null, null, null]}, "1-10-10": {"poses_world": [null, null, null, null, null, null, null, null, null, null, null, null, null, null, null, null, null, null, null, null, null, null, null, null, null, null, null, null, null, null, null, null, null, null, null, [[0.47464651938528485, -0.8800561913814534, 0.014552719559981034, -0.044009343195874295], [0.8801763850945561, 0.47459023760166785, -0.007323762357201699, -0.32208214412665725], [-0.0004612562270603898, 0.016285158407250946, 0.9998672816220818, 0.01534854723428798], [0.0, 0.0, 0.0, 1.0]], null, null, null, [[0.9577349832153716, 0.09466811983283353, 0.2716277765854586, 0.05955328745323659], [-0.035670103692339535, 0.9760902562318073, -0.21441887834771892, 0.3790082027999518], [-0.28543185811681937, 0.1956674698988909, 0.9382126068196582, 0.037420686334390725], [0.0, 0.0, 0.0, 1.0]], null, null, null, null, null, null, null, null, [[0.9376968587511351, 0.3441100466639868, -0.0480923785349267, -0.060338176777697254], [0.3448805964696173, -0.9386080383317805, 0.008504384617673666, 0.1903331285287889], [-0.0422134488877486, -0.024560662936371654, -0.9988066872869475, 0.04097132396785531], [0.0, 0.0, 0.0, 1.0]], null, null, [[0.8387864260622344, -0.5424583572492759, 0.04665042447990939, 0.07647817568922137], [-0.5442842377606419, -0.837611729122087, 0.04648935106470667, 0.06611166876690969], [0.01385640570475078, -0.06438572735877564, -0.9978288821904382, 0.009854174375725087], [0.0, 0.0, 0.0, 1.0]], null, null, null, null, null, null, [[-0.8186086853808388, -0.02234302177722848, 0.5739169012992316, 0.12203743023283933], [-0.5743348201073534, 0.039493998979284656, -0.8176672541180007, 0.35261551356289955], [-0.004397116248820779, -0.9989699762367609, -0.045162505977943, 0.023307444847317796], [0.0, 0.0, 0.0, 1.0]], null, null, null, null, null, null, null, null, null, null, null, null, null, null, null, null, null, null, null, null]}, "1-10-11": {"poses_world": [null, null, null, null, null, null, null, null, null, null, null, null, null, null, null, null, null, null, null, null, null, null, null, null, null, null, null, null, null, null, null, null, null, null, null, [[-0.9871182868317948, 0.1599794046016781, -0.0020193824689967686, -0.012105757233458622], [0.15998721715683925, 0.9869101232688138, -0.020310069816289945, -0.2691270030073979], [-0.00125624387522369, -0.020371516704080467, -0.9997916898826968, 0.01541941175175856], [0.0, 0.0, 0.0, 1.0]], null, null, null, [[0.6005876499028571, 0.7976754806805172, -0.05484799271864323, 0.25777398816051095], [0.7995554110616112, -0.5993736484937325, 0.03824100068515772, 0.3545221390630296], [-0.002370532905092697, -0.06682108209549173, -0.9977621578118344, 0.03634018449451565], [0.0, 0.0, 0.0, 1.0]], null, null, null, null, null, null, null, null, [[-0.9988643519900052, 0.01526735266386683, -0.04513218658797179, 0.2688309910357242], [0.015516698680413384, 0.999866192868649, -0.005179615855178992, 0.046934709662735635], [0.045047068557634136, -0.005874036174810934, -0.9989675957273956, 0.04097371105561885], [0.0, 0.0, 0.0, 1.0]], null, null, [[0.6502879977027084, -0.7595910155286574, 0.012124733891339024, 0.26208555608635986], [0.7596006570516086, 0.6498889004104592, -0.0255197752741073, -0.18332601090756995], [0.011504862040110714, 0.025805159395260818, 0.999600786263204, 0.01023166879129936], [0.0, 0.0, 0.0, 1.0]], null, null, null, null, null, null, [[0.6945352231078569, 0.7194583843154183, -0.000676092268710821, 0.053104908111272026], [0.719443266831125, -0.694526171527456, -0.005897700803044855, -0.3486481855483744], [-0.004712714065923212, 0.0036097509125890756, -0.9999823798569948, 0.023277676492378878], [0.0, 0.0, 0.0, 1.0]], null, null, null, null, null, null, null, null, null, null, null, null, null, null, null, null, null, null, null, null]}, "1-100-10": {"poses_world": [null, null, null, null, null, null, null, null, null, null, null, null, null, null, [[-0.006598935380314595, -0.9998475930660288, -0.016163065671504943, 0.10679209279793664], [0.9999765706726749, -0.0065686454067319135, -0.001926396434050866, 0.373618784931901], [0.0018199333907943562, -0.016175399147333666, 0.999867513376082, 0.009613256052868193], [0.0, 0.0, 0.0, 1.0]], null, null, null, null, null, null, null, null, null, null, null, null, null, null, null, null, null, null, null, null, [[0.37310587280569923, -0.92773773334891, -0.009731690424130239, 0.050685353766761844], [-0.9277885005546, -0.37307719637297615, -0.004680147980220396, -0.06842441309156634], [0.0007112780995023759, 0.01077514116348676, -0.9999416935083517, 0.015463720594595118], [0.0, 0.0, 0.0, 1.0]], null, null, null, null, null, null, null, null, null, null, null, null, [[0.43222863704617764, 0.9017124590036525, 0.009646066285647103, 0.005149490339568155], [-0.9017473701750259, 0.4321308479193619, 0.010705636782065056, -0.2891584916380824], [0.005485043264852909, -0.013325597700641683, 0.9998961659823935, 0.042607127449904414], [0.0, 0.0, 0.0, 1.0]], null, null, null, null, null, null, null, [[-0.7251518684746241, 0.6864376669697885, -0.054388390423232666, 0.18379651667113803], [0.6885476770731475, 0.7237079660554667, -0.04635597334785069, -0.3666415243313962], [0.0075408252152159745, -0.0710641205738209, -0.9974432448626557, 0.050108849171539044], [0.0, 0.0, 0.0, 1.0]], null, [[-0.8739497301399558, 0.01828353950645384, 0.4856722983364444, 0.24465512064592257], [0.4859819632686266, 0.020992161693923393, 0.8737166935139662, 0.35712867542121113], [0.005779322266372799, 0.9996124455660399, -0.027231564472305524, 0.02386358085085644], [0.0, 0.0, 0.0, 1.0]], null, null, null, null, null, null, null, null, null, null, null, null, null, null, null, null, null, null, null, null]}, "1-100-11": {"poses_world": [null, null, null, null, null, null, null, null, null, null, null, null, null, null, [[0.991956078986588, -0.09295506149426523, -0.08592144030533522, -0.02231593996777504], [0.09326731725587212, 0.9956410306351144, -0.0003816382273497033, 0.2554227085664354], [0.08558238658414904, -0.007635093872445412, 0.9963018420379015, 0.025869831711166056], [0.0, 0.0, 0.0, 1.0]], null, null, null, null, null, null, null, null, null, null, null, null, null, null, null, null, null, null, null, null, [[-0.6228933037519849, 0.7823060997395335, -0.0010480702518639174, -0.017277831043826526], [0.7823054665479191, 0.6228892063315277, -0.0026820971121974237, 0.3272371402800826], [-0.0014453892836028134, -0.0024905714185607867, -0.9999958539433138, 0.01546830194014248], [0.0, 0.0, 0.0, 1.0]], null, null, null, null, null, null, null, null, null, null, null, null, [[-0.9953079863612299, -0.08043956312876108, -0.05377256706913815, 0.16712573079084786], [-0.0804947326017745, 0.9967543793010771, -0.0011425268021984791, 0.33265846039848296], [0.053689946069261224, 0.0031912423566850204, -0.998552555283546, 0.04087612603331624], [0.0, 0.0, 0.0, 1.0]], null, null, null, null, null, null, null, [[-0.4494845708365909, -0.3757333699092785, -0.8104246142094026, 0.07257201094275674], [0.5989785252598294, 0.5462899706837638, -0.5854844098760328, 0.4050663211297176], [0.6627128690899233, -0.7485931489580582, -0.020492693225959445, 0.03482866484637299], [0.0, 0.0, 0.0, 1.0]], null, [[0.9487763003910752, -0.024106649156381898, -0.3150276198727119, 0.04984123097556944], [0.3158439377230558, 0.04670179660492051, 0.9476610940612964, 0.22859224746817333], [-0.008132577685461953, -0.9986179508001608, 0.051923496799294956, 0.023153671927519624], [0.0, 0.0, 0.0, 1.0]], null, null, null, null, null, null, null, null, null, null, null, null, null, null, null, null, null, null, null, null]}, "1-11-10": {"poses_world": [null, null, null, null, null, null, null, null, null, null, null, null, null, null, null, null, null, null, null, null, null, null, null, null, null, null, null, null, null, null, null, null, null, null, null, null, null, null, null, [[-0.3860116399317353, 0.9196719967515667, -0.07210015414813588, 0.08573891105190375], [0.9189905488271224, 0.39017447196348976, 0.05674726948874004, 0.37502159531272394], [0.08032051421414793, -0.0443542536741205, -0.9957817608177941, 0.03612918150997022], [0.0, 0.0, 0.0, 1.0]], null, null, null, null, null, null, null, null, null, null, null, [[0.9981494156868499, 0.04025686718342673, 0.04557552642123764, 0.27679598455128585], [-0.04239704005735529, 0.9979943149358903, 0.04700891777113096, 0.06607059945530423], [-0.043591684509457336, -0.04885419122464199, 0.9978542143226149, 0.010357233167651482], [0.0, 0.0, 0.0, 1.0]], [[-0.8150551754010348, 0.0031182354957881692, 0.5793749542907142, 0.24930570840230695], [-0.5792765753597167, 0.014811067979051365, -0.8149964917132012, 0.15052758582738543], [-0.011122512822764911, -0.9998854478752557, -0.010265516830374534, 0.02921867649185964], [0.0, 0.0, 0.0, 1.0]], null, null, null, null, [[-0.9917781069467195, -0.12746063443162553, -0.011400581189306378, -0.03999670592912722], [-0.1275752342789788, 0.9917788771259023, 0.00996084763126786, 0.3680369427017179], [0.010037239651953841, 0.011333382423466635, -0.9998853975646415, 0.008383175823872279], [0.0, 0.0, 0.0, 1.0]], [[0.5926991830439742, -0.8044420602326068, -0.03975739110785124, 0.2059041819882394], [-0.8054238581649176, -0.5919585240461753, -0.029622871362977754, 0.12108016449980886], [0.0002951571091099662, 0.0495790029929124, -0.9987701614207763, 0.02345286452860874], [0.0, 0.0, 0.0, 1.0]], null, null, null, null, null, null, null, null, null, null, null, null, null, null, null, null, null, null, null, null]}, "1-11-11": {"poses_world": [null, null, null, null, null, null, null, null, null, null, null, null, null, null, null, null, null, null, null, null, null, null, null, null, null, null, null, null, null, null, null, null, null, null, null, null, null, null, null, [[-0.29986403946718215, -0.9527131597356103, -0.04918529354394941, 0.23227942049854478], [-0.9539767602327494, 0.2992935561501444, 0.01875388447299986, 0.21188439107299517], [-0.0031462311185303992, 0.052545242539929427, -0.9986135882893643, 0.03631441704493961], [0.0, 0.0, 0.0, 1.0]], null, null, null, null, null, null, null, null, null, null, null, [[0.6601915236824896, 0.7507424685757406, -0.023084582183628997, 0.26489918086256203], [0.7506953698227484, -0.658521191383961, 0.05297454317812439, 0.056521556423874936], [0.02456855275505184, -0.05230283333669306, -0.9983290038060916, 0.009918188463636152], [0.0, 0.0, 0.0, 1.0]], [[0.4024681904237471, -0.9150297847651557, 0.027200159735899808, 0.013423937514715958], [0.9152327763153267, 0.4028249926456009, 0.008999469884638392, 0.06377910245650599], [-0.019191687137117046, 0.021272477352065916, 0.9995894961693679, 0.029140878705017657], [0.0, 0.0, 0.0, 1.0]], null, null, null, null, [[-0.8828154491350498, 0.46949492318429814, -0.0145395967155585, 0.0878901291081621], [0.4696418999883103, 0.8828101510233185, -0.00909521992902482, 0.20026350512153976], [0.008565543990357397, -0.014857804493182244, -0.9998529277357708, 0.00846531343391258], [0.0, 0.0, 0.0, 1.0]], [[0.0012137993034716224, 0.024886690900088746, 0.9996895414613942, -0.07778477292284784], [0.9999971177839655, -0.002101068008893135, -0.0011618678867494807, -0.026643897511752942], [0.0020715006674260085, 0.9996880704145986, -0.024889169446151292, 0.023629905903145124], [0.0, 0.0, 0.0, 1.0]], null, null, null, null, null, null, null, null, null, null, null, null, null, null, null, null, null, null, null, null]}, "1-12-10": {"poses_world": [null, null, null, null, null, null, null, null, null, null, null, null, null, null, null, null, null, null, null, null, null, null, null, null, null, null, null, null, null, null, null, null, null, null, null, null, null, null, null, [[-0.9753868416836835, -0.21542685299581998, -0.04702956600507353, 0.1822810947000196], [-0.21275813390911233, 0.9755051080902327, -0.0558906123186495, -0.1491875356691999], [0.05791792059303734, -0.044509045127462905, -0.9973286616637543, 0.03612531923671998], [0.0, 0.0, 0.0, 1.0]], null, null, null, null, null, null, null, null, null, null, null, [[0.9980900804729823, 0.04031242858461987, 0.04680918032865847, -0.0773126728355752], [-0.0426334688957763, 0.9978541633339273, 0.049693621794504456, -0.23836405948146044], [-0.04470546489349876, -0.05159434870944974, 0.9976670008524369, 0.010217990547588918], [0.0, 0.0, 0.0, 1.0]], [[0.06974466701692915, 0.05165037299288667, 0.9962268418349172, -0.07106939290400645], [-0.04308807766989857, -0.9975707107653642, 0.054736592749155426, 0.2905342790149549], [0.9966338841246561, -0.04674308497275104, -0.0673497217649699, 0.02910634140424116], [0.0, 0.0, 0.0, 1.0]], null, null, null, null, [[0.8435501304892952, 0.24169034259388925, -0.4795924891492132, 0.12475780892033582], [0.08138977387173973, 0.825165349578396, 0.5589971829663103, -0.15249816795874235], [0.5308473246241318, -0.5105760708768193, 0.6763972159813983, 0.027190147301755636], [0.0, 0.0, 0.0, 1.0]], [[-0.9999711949356062, 0.0008417026875639287, -0.007543264255836521, 0.17364701233537183], [0.001282152328283637, 0.9982820941760931, -0.05857658689942875, -0.37745618920509105], [0.0074810015676184055, -0.05858457121089245, -0.9982544177871528, 0.023223224247519932], [0.0, 0.0, 0.0, 1.0]], null, null, null, null, null, null, null, null, null, null, null, null, null, null, null, null, null, null, null, null]}, "1-12-11": {"poses_world": [null, null, null, null, null, null, null, null, null, null, null, null, null, null, null, null, null, null, null, null, null, null, null, null, null, null, null, null, null, null, null, null, null, null, null, null, null, null, null, [[-0.3434271983379833, -0.9369316895776049, -0.06493664995193975, 0.05812510606790603], [-0.9391731365784717, 0.3428535831044552, 0.020130575793717784, 0.25828401702065806], [0.0034027887202439625, 0.06790014446002715, -0.9976863191460669, 0.0361881269059974], [0.0, 0.0, 0.0, 1.0]], null, null, null, null, null, null, null, null, null, null, null, [[-0.9996739493747465, -0.02451300662095604, 0.007148947327240334, -0.07508203389516907], [0.024600418893750926, -0.9996203705319219, 0.012407022521735206, 0.15860739093514362], [0.006842099950949279, 0.012578844303183396, 0.9998974739163218, 0.010308289158746193], [0.0, 0.0, 0.0, 1.0]], [[0.013736516021403897, 0.9998013312404969, 0.01444320522959032, 0.12391838150945761], [-0.9995716881019221, 0.01410379033575534, -0.025642219935489596, 0.36898110317958965], [-0.025840829565800603, -0.01408478426797992, 0.9995668413765355, 0.02917488550456637], [0.0, 0.0, 0.0, 1.0]], null, null, null, null, [[-0.3006674871043455, -0.9537042971887412, 0.006868458493805203, 0.02586455867186386], [0.9537259689067126, -0.30067697069349403, -0.0003681406452532376, -0.030027269481878317], [0.002416284608597658, 0.006439939309191213, 0.9999763440953877, 0.008879199972298692], [0.0, 0.0, 0.0, 1.0]], [[-0.8887411041849973, -0.45821925845974293, -0.013204579078051495, -0.04312940103712626], [0.4583936009690137, -0.8885812879589913, -0.01728008332704043, 0.2595473295546179], [-0.003815274915892577, -0.021410414889351786, 0.9997634909375108, 0.023328319065251343], [0.0, 0.0, 0.0, 1.0]], null, null, null, null, null, null, null, null, null, null, null, null, null, null, null, null, null, null, null, null]}, "1-13-10": {"poses_world": [null, null, null, null, null, null, null, null, null, null, null, null, null, null, null, null, null, null, null, null, null, null, null, null, null, null, null, null, null, null, null, null, null, null, null, null, null, null, null, [[0.9978587274158917, 0.01306413757904149, 0.06408813017439331, 0.11843931444620434], [-0.01592073682904866, 0.9988928803671813, 0.04426673345271404, -0.2446509329145525], [-0.0634388702512445, -0.04519227656435535, 0.9969619691242813, 0.03578077142524916], [0.0, 0.0, 0.0, 1.0]], null, null, null, null, null, null, null, null, null, null, null, [[0.9836595474597173, 0.14338238327372677, -0.10888244513278388, -0.07501662149173473], [-0.15706151117256717, 0.979040002893989, -0.12966246350246408, -0.0866203108457761], [0.08800895635977879, 0.14464496154406534, 0.9855618999841539, 0.011750991608623381], [0.0, 0.0, 0.0, 1.0]], [[0.030158253614523615, 0.9993853698053062, -0.017870712297494106, 0.2695675136112142], [0.9994778108303383, -0.0303589106761226, -0.011065360380440956, -0.025034363619663193], [-0.011601094634198329, -0.017527668460386177, -0.9997790733165108, 0.02903104039201173], [0.0, 0.0, 0.0, 1.0]], null, null, null, null, [[0.9827602127809945, 0.18431771879129658, 0.014468680458897253, -0.01053168542264987], [-0.18421233317374794, 0.9828512728520189, -0.008318158440961551, 0.3786452572969212], [-0.01575374499389958, 0.005509445774106621, 0.9998607230639287, 0.008870229595276969], [0.0, 0.0, 0.0, 1.0]], [[0.5371947156797259, -0.040402085136260646, 0.8424900646075372, -0.05485462251478636], [-0.8434555717714979, -0.023209682565947645, 0.5366973160756363, -0.01397252196605212], [-0.002129763691987233, -0.998913901270684, -0.04654548264639912, 0.023242554378049167], [0.0, 0.0, 0.0, 1.0]], null, null, null, null, null, null, null, null, null, null, null, null, null, null, null, null, null, null, null, null]}, "1-13-11": {"poses_world": [null, null, null, null, null, null, null, null, null, null, null, null, null, null, null, null, null, null, null, null, null, null, null, null, null, null, null, null, null, null, null, null, null, null, null, null, null, null, null, [[-0.6089736176453937, 0.7912224345023642, -0.055840774994878536, 0.18315071335593663], [0.7931669716461438, 0.6069026693515118, -0.050550024962357734, -0.1486220155242078], [-0.00610639841182358, -0.07507468997045227, -0.9971592163863632, 0.036170908918880335], [0.0, 0.0, 0.0, 1.0]], null, null, null, null, null, null, null, null, null, null, null, [[-0.21876968720786102, 0.9745274347661346, -0.04935689259974582, 0.23249132146805804], [0.9756041397363707, 0.2194017916909722, 0.007708199014119522, 0.36969243992667805], [0.01834084208057957, -0.046466468457580276, -0.9987514609855862, 0.010010429620787107], [0.0, 0.0, 0.0, 1.0]], [[-0.038858072749226064, -0.916708588968935, -0.39766243610979657, 0.07934693761601165], [-0.005848552806968355, -0.3977475356227969, 0.9174762625463638, 0.10605066734866479], [-0.9992276240238055, 0.03797710911264846, 0.01009428408386873, 0.02899827716247516], [0.0, 0.0, 0.0, 1.0]], null, null, null, null, [[-0.573405304940284, -0.8191823214848658, 0.012111169761662282, 0.10374811819262847], [0.8192715880264855, -0.573330755592405, 0.009268750961832474, -0.302581513195906], [-0.0006490908196168092, 0.015237088255180095, 0.9998836981482372, 0.008816943993739996], [0.0, 0.0, 0.0, 1.0]], [[-0.5846632113180898, 0.8092684066512473, -0.05704012033087907, -0.05275135018248677], [0.8112754031012157, 0.583308730810861, -0.039788753219668495, -0.09183457963536418], [0.0010722192747834615, -0.06953826684613147, -0.9975787085688304, 0.023222245311276694], [0.0, 0.0, 0.0, 1.0]], null, null, null, null, null, null, null, null, null, null, null, null, null, null, null, null, null, null, null, null]}, "1-14-10": {"poses_world": [null, null, null, null, null, null, null, null, null, null, null, null, null, null, null, null, null, null, null, null, null, null, null, null, null, null, null, null, null, null, null, null, null, null, null, null, null, null, null, [[-0.9315076780155956, -0.348763547740503, -0.10323484666251449, -0.022842639968598692], [-0.3518749106309151, 0.9359561144107382, 0.013046040227544797, 0.19259070342264592], [0.09207330268031033, 0.04847823908302609, -0.9945714490517692, 0.03607788727352206], [0.0, 0.0, 0.0, 1.0]], null, null, null, null, null, null, null, null, null, null, null, [[0.8422610162813756, -0.5374900720076523, -0.041240792255504054, 0.2628532508635501], [-0.5376619344298423, -0.8431248999399593, 0.007749023576023987, -0.22149682574337193], [-0.038936162083734044, 0.015646903669182713, -0.999119186928038, 0.009899580758175973], [0.0, 0.0, 0.0, 1.0]], [[-0.6846262052969062, 0.7286605430226734, 0.018460012531204842, 0.181035773992895], [-0.7288774868125303, -0.6842185603538726, -0.0241365052383643, 0.35765910266916434], [-0.0049566358154398, -0.0299795715307395, 0.999538221906606, 0.02915942589966353], [0.0, 0.0, 0.0, 1.0]], null, null, null, null, [[0.9999981613188761, -0.0018464388358131708, -0.0005177088831675707, 0.1942169197229081], [0.001847326528660877, 0.9999968154272005, 0.0017194534445342936, 0.29739267506385236], [0.0005145323688690228, -0.0017204066603615405, 0.9999983877273768, 0.008997632539223246], [0.0, 0.0, 0.0, 1.0]], [[-0.943615386515571, 0.027675773092620797, 0.3298849101047135, -0.04551284373529812], [0.33102542544582847, 0.06838215633172962, 0.9411408228335584, -0.22326767285073448], [0.0034885583666847612, 0.9972752540192404, -0.073687839440261, 0.02359386208693604], [0.0, 0.0, 0.0, 1.0]], null, null, null, null, null, null, null, null, null, null, null, null, null, null, null, null, null, null, null, null]}, "1-14-11": {"poses_world": [null, null, null, null, null, null, null, null, null, null, null, null, null, null, null, null, null, null, null, null, null, null, null, null, null, null, null, null, null, null, null, null, null, null, null, null, null, null, null, [[0.18945878738244434, -0.9801790546694635, -0.05791708444698904, 0.03398300785519783], [-0.9817730062486256, -0.190011991161638, 0.004148182290091688, 0.05008548632301253], [-0.015070901933748701, 0.05607552052415538, -0.9983127785983891, 0.03623896668361362], [0.0, 0.0, 0.0, 1.0]], null, null, null, null, null, null, null, null, null, null, null, [[0.7414497079644506, 0.667648161469295, 0.06706909158533503, 0.1420806046782793], [-0.6697194536101668, 0.7425119324398894, 0.012324108099930273, 0.2815155417992922], [-0.041571432685350726, -0.05405518172227749, 0.997672217370726, 0.010302935098452634], [0.0, 0.0, 0.0, 1.0]], [[0.021166139228861694, -0.9996852846265151, 0.013465743623458983, 0.04007362070323011], [0.9983754194513744, 0.021847241704352552, 0.05262337755395002, -0.34870147841997184], [-0.05290100552370362, 0.012330033702296926, 0.9985236371180554, 0.02909406188468082], [0.0, 0.0, 0.0, 1.0]], null, null, null, null, [[-0.5013782276446012, 0.8652274664763697, 0.001141971466630202, 0.13426537878734157], [-0.8652142937373677, -0.5013772094114735, 0.005011965213140627, -0.37824140371485565], [0.004909048430599854, 0.0015248401996149521, 0.9999867879656501, 0.008889746824053043], [0.0, 0.0, 0.0, 1.0]], [[-0.8707320938737305, -0.008443313113685182, -0.49168519518277193, 0.13917152843337083], [0.49175766350532457, -0.014654958027978678, -0.8706087712566266, 0.16002017139072086], [0.00014519655685777658, -0.9998569611043612, 0.016912606218363754, 0.023276989953449057], [0.0, 0.0, 0.0, 1.0]], null, null, null, null, null, null, null, null, null, null, null, null, null, null, null, null, null, null, null, null]}, "1-15-10": {"poses_world": [null, null, null, null, null, null, null, null, null, null, null, null, null, null, null, null, null, null, null, null, null, null, null, null, null, null, null, null, null, null, null, null, null, null, null, null, null, null, null, [[-0.9525750405813714, 0.2732577784150432, 0.13390660400840612, -0.013815329684531896], [-0.26776433996600085, -0.9617491427424529, 0.057800040456044866, -0.002425798465803051], [0.14457887225995472, 0.019203462443622542, 0.9893069173548742, 0.03555371747662873], [0.0, 0.0, 0.0, 1.0]], null, null, null, null, null, null, null, null, null, null, null, [[0.8782293408805142, 0.47329848525961654, 0.06856944412434907, -0.05921927623072336], [-0.4757222484917409, 0.8792723105370763, 0.023844207110843906, 0.1514417923806395], [-0.049005786459682205, -0.053560692431440085, 0.997361361352903, 0.010189949607238442], [0.0, 0.0, 0.0, 1.0]], [[-0.04691754739178614, -0.3032236170186365, -0.9517637216393929, -0.032022300731937875], [-0.06744377459510785, -0.9496771120536049, 0.3058835074172498, -0.308203855452489], [-0.9966193260293, 0.07854184186566432, 0.024105975633548198, 0.02906188558285474], [0.0, 0.0, 0.0, 1.0]], null, null, null, null, [[-0.8343176760779192, 0.551233787291779, 0.007438221016495177, 0.031907263109573], [-0.5511340287078801, -0.8343294954509669, 0.012065463967257335, -0.2189822573907029], [0.012856818585850851, 0.0059669731427241844, 0.9998995436779378, 0.008840420371349666], [0.0, 0.0, 0.0, 1.0]], [[-0.984251592320579, 0.004217038597673952, -0.17672300246392775, 0.12451488591350648], [-0.17629973827292483, 0.04971113218569986, 0.9830804675212017, -0.37043640552968116], [0.012930788811894956, 0.9987547346181996, -0.048184798208779356, 0.023642269566725934], [0.0, 0.0, 0.0, 1.0]], null, null, null, null, null, null, null, null, null, null, null, null, null, null, null, null, null, null, null, null]}, "1-15-11": {"poses_world": [null, null, null, null, null, null, null, null, null, null, null, null, null, null, null, null, null, null, null, null, null, null, null, null, null, null, null, null, null, null, null, null, null, null, null, null, null, null, null, [[0.6545305217717294, -0.7512463938746184, -0.08496264920294022, -0.07447520613251554], [-0.7553790474620564, -0.6545018873040452, -0.03209009458926139, -0.1953507126441699], [-0.031500646414402325, 0.08518295137999275, -0.9958672472120352, 0.03608204363386734], [0.0, 0.0, 0.0, 1.0]], null, null, null, null, null, null, null, null, null, null, null, [[0.8482698998611296, -0.5295546380771676, 0.003172109794323417, 0.26651451227497097], [0.5294813661330735, 0.8480161928080284, -0.022760045105971596, 0.3033998025082647], [0.009362686977761424, 0.020986234210300717, 0.9997359241650803, 0.010360874480681572], [0.0, 0.0, 0.0, 1.0]], [[0.6538510393306639, -0.7561810849876998, 0.02586474575591334, 0.20687068924718383], [0.7559614494461196, 0.6543267880075171, 0.019461280715050027, 0.08125165860656491], [-0.031640248379458245, 0.006827972068956264, 0.9994759994516569, 0.029175462300002994], [0.0, 0.0, 0.0, 1.0]], null, null, null, null, [[-0.6622741928926489, -0.7486556931873232, -0.03012551222108214, -0.07286071517546232], [-0.7490601056077283, 0.6624930524893438, 0.00345160691310102, 0.25391323891539114], [0.017373877383012083, 0.02485172954836552, -0.999540164237097, 0.008305488889025273], [0.0, 0.0, 0.0, 1.0]], [[0.18814139014487335, -0.9819078127041224, 0.02144445534247691, 0.24882000560676923], [0.9821148842756435, 0.18825346169466797, 0.0033148520614937724, -0.3450267085088173], [-0.007291872089518405, 0.020437257902056645, 0.9997645458260924, 0.02311089215177465], [0.0, 0.0, 0.0, 1.0]], null, null, null, null, null, null, null, null, null, null, null, null, null, null, null, null, null, null, null, null]}, "1-16-10": {"poses_world": [null, null, null, null, null, null, null, null, null, null, null, null, null, null, null, null, null, null, null, null, null, null, null, null, null, null, null, null, null, null, null, null, null, null, null, null, null, null, null, [[-0.9023873135412126, 0.42953118876533575, 0.034642376328813014, 0.2732796808091107], [-0.42827602812795945, -0.9028371206382588, 0.03827240949495256, -0.05589012586425358], [0.047715616844054516, 0.019700037447881426, 0.9986666753395435, 0.03571092930448196], [0.0, 0.0, 0.0, 1.0]], null, null, null, null, null, null, null, null, null, null, null, [[0.9796205512464545, 0.19940824688467595, -0.024081666262216486, -0.07372784294366415], [-0.20000653595115053, 0.9794578374793352, -0.025685213199702926, -0.12163292590390379], [0.018465133425078207, 0.029978253362613522, 0.9993799793736661, 0.010165147726457378], [0.0, 0.0, 0.0, 1.0]], [[0.9585860813443374, 0.24948319752877926, 0.13737124445721402, -0.10582678614114256], [0.27070290763848387, -0.9480211365793951, -0.1672598588866525, 0.016759235620130857], [0.08850231889039932, 0.1975197679968479, -0.976295693323233, 0.11268438480418957], [0.0, 0.0, 0.0, 1.0]], null, null, null, null, [[0.01754556226130577, -0.999755553305829, 0.013453136403035788, -0.06784900509395836], [0.9998459454533, 0.017550545361265126, 0.0002524244685860753, 0.18956856603928135], [-0.00048847264495261, 0.013446634956975637, 0.9999094706036131, 0.00883655474283404], [0.0, 0.0, 0.0, 1.0]], [[-0.9404952155085085, 0.016763611031988764, 0.3393931804717963, -0.044521164928053275], [0.3397617268852175, 0.03010037321703699, 0.9400297529738912, -0.27800949418972337], [0.005542431737832136, 0.9994062981977573, -0.03400489042870013, 0.023667035420115938], [0.0, 0.0, 0.0, 1.0]], null, null, null, null, null, null, null, null, null, null, null, null, null, null, null, null, null, null, null, null]}, "1-16-11": {"poses_world": [null, null, null, null, null, null, null, null, null, null, null, null, null, null, null, null, null, null, null, null, null, null, null, null, null, null, null, null, null, null, null, null, null, null, null, null, null, null, null, [[0.30851307246276993, -0.9504504615130093, -0.0382570820801007, 0.20541074551347394], [-0.9511572385070065, -0.3087054604707055, -0.0009199517871722549, 0.1468800591292152], [-0.010935801539115381, 0.0366723176970226, -0.9992675064062779, 0.03632608791966726], [0.0, 0.0, 0.0, 1.0]], null, null, null, null, null, null, null, null, null, null, null, [[-0.33140988904166807, 0.9432359105664785, -0.02176011174594513, 0.26243603141576655], [-0.9434781239712283, -0.33121932008152144, 0.011949543608674838, 0.09016428184052615], [0.004063869229193893, 0.024490386328918094, 0.9996918054802341, 0.010358468289140435], [0.0, 0.0, 0.0, 1.0]], [[-0.0458705374097217, 0.9531982460597367, 0.2988461100740207, -0.06477666985901935], [0.032141944722098637, 0.30041443935491763, -0.953267045489637, 0.2707752918898128], [-0.9984301623985591, -0.03412137652117433, -0.04441781711290621, 0.02907358529170727], [0.0, 0.0, 0.0, 1.0]], null, null, null, null, [[-0.4715117214779613, -0.8814010555316104, -0.028440742195742122, 0.008189777989284027], [-0.8818398886962704, 0.4714724967751044, 0.008490906241062841, 0.25677865763392743], [0.00592513400987339, 0.029083742750964033, -0.9995594172907133, 0.008442523549952726], [0.0, 0.0, 0.0, 1.0]], [[0.7393196793053154, -0.6717782664417973, 0.04604750295443851, -0.04844590693089324], [0.6731586763942089, 0.7390238547600877, -0.02647901982205471, 0.20035437229515632], [-0.016242173102327864, 0.05057373658322879, 0.99858824796856, 0.023049896478298595], [0.0, 0.0, 0.0, 1.0]], null, null, null, null, null, null, null, null, null, null, null, null, null, null, null, null, null, null, null, null]}, "1-17-10": {"poses_world": [null, null, null, null, null, null, null, null, null, null, null, null, null, null, null, null, null, null, null, null, null, null, null, null, null, null, null, null, null, null, null, null, null, null, null, null, null, null, null, [[0.34569776251470635, 0.9367735194934599, -0.05429944905922659, -0.022160556313017596], [0.9371110797642941, -0.3476320595538876, -0.031221392558659453, 0.07230448530591697], [-0.04812360309976232, -0.04009144978837515, -0.9980364695132802, 0.03621717854707281], [0.0, 0.0, 0.0, 1.0]], null, null, null, null, null, null, null, null, null, null, null, [[0.9994582794836507, -0.030906925408110075, -0.011309709695025386, 0.27190432523274366], [0.030682614247775523, 0.9993390072539621, -0.019496814190221163, -0.2860940956935544], [0.011904820640829561, 0.019139240906144352, 0.9997459500808376, 0.010249944920877614], [0.0, 0.0, 0.0, 1.0]], [[-0.3032300284627021, -0.018970822330075694, 0.9527285330767742, 0.26096462354524125], [-0.9529026964138263, 0.0004847066228882836, -0.3032758088386528, -0.02846391548953478], [0.005291597656692665, -0.9998199202654464, -0.0182243253545724, 0.029167603461732413], [0.0, 0.0, 0.0, 1.0]], null, null, null, null, [[-0.7094222277644395, -0.7047824752174453, -0.0013286760700080872, -0.07826797381768744], [0.7047062618005449, -0.7093709423022426, 0.013488913830089978, -0.3276413309950184], [-0.010449274272961636, 0.008633008953023085, 0.9999081376924456, 0.008850886586369781], [0.0, 0.0, 0.0, 1.0]], [[0.9729219304312461, 0.23007687126778112, 0.02208054785457369, -0.0448253556409086], [-0.23078180018006286, 0.9722681737772991, 0.037872931829984156, -0.1853753331716434], [-0.01275452827738764, -0.04194319452995759, 0.9990385830592508, 0.022994193184945246], [0.0, 0.0, 0.0, 1.0]], null, null, null, null, null, null, null, null, null, null, null, null, null, null, null, null, null, null, null, null]}, "1-17-11": {"poses_world": [null, null, null, null, null, null, null, null, null, null, null, null, null, null, null, null, null, null, null, null, null, null, null, null, null, null, null, null, null, null, null, null, null, null, null, null, null, null, null, [[0.478541676218293, 0.8763364578648828, 0.05506611243777943, 0.27342599539126367], [-0.8766620066941815, 0.4803802357141936, -0.02643019398532671, 0.1819097084308503], [-0.04961441465051061, -0.03562641929803918, 0.9981328409119111, 0.03574808546437393], [0.0, 0.0, 0.0, 1.0]], null, null, null, null, null, null, null, null, null, null, null, [[0.5845719990320458, 0.8085133083023723, 0.06768905558224299, 0.264646495374941], [-0.8098532304508899, 0.5865167175678007, -0.011656978242120614, 0.10468182007475761], [-0.04912558473870748, -0.04800385725578038, 0.9976383646455361, 0.010355157477545129], [0.0, 0.0, 0.0, 1.0]], [[-0.38208621669993004, -0.627178655988864, -0.6787172139263355, -0.11242395349560033], [-0.44824124155313566, -0.5164850978180253, 0.7296046416401158, -0.19247881605304154], [-0.8081397851726098, 0.5830009238448088, -0.08378550242889343, 0.11605840383913646], [0.0, 0.0, 0.0, 1.0]], null, null, null, null, [[-0.19552196757567478, -0.9806027137956458, 0.013765096873644944, -0.07856502773327498], [0.9806946814778639, -0.19545860257370512, 0.0058203437148201765, 0.13612051512045237], [-0.003016938242763996, 0.014637362349098803, 0.9998883166169626, 0.008875245906082364], [0.0, 0.0, 0.0, 1.0]], [[0.9991383630694476, -0.041103379278184526, 0.005748361054055218, 0.19590432762735638], [0.04102941489106693, 0.9990804692835337, 0.012441985768837788, 0.058102894566244116], [-0.006254482919531587, -0.012195413403780515, 0.999906072256434, 0.023096678765363074], [0.0, 0.0, 0.0, 1.0]], null, null, null, null, null, null, null, null, null, null, null, null, null, null, null, null, null, null, null, null]}, "1-18-10": {"poses_world": [null, null, null, null, null, null, null, null, null, null, null, null, null, null, null, null, null, null, null, null, null, null, null, null, null, null, null, null, null, null, null, null, null, null, null, null, null, null, null, [[0.37525184859651817, -0.9230593881911732, -0.08454239171581422, -0.015395734393762186], [-0.9261121851888273, -0.3771747568764572, 0.007444677290245518, 0.09671172748751196], [-0.03875913530598037, 0.0755021102176521, -0.9963920718186224, 0.036267750296355594], [0.0, 0.0, 0.0, 1.0]], null, null, null, null, null, null, null, null, null, null, null, [[-0.6105745729482025, 0.78051783261213, -0.13412905667139266, -0.07329386540253237], [-0.7897891187186818, -0.6126334003965208, 0.030223578082975006, 0.13451809749906626], [-0.058581898421467805, 0.12438741774404931, 0.9905028679838719, 0.028800637447696377], [0.0, 0.0, 0.0, 1.0]], [[0.6371631872927489, 0.7706926250093843, -0.007480007692813391, 0.2574225624559196], [0.7700353086288411, -0.6369714421005858, -0.036235416558666037, -0.23758839799412906], [-0.032690919592917235, 0.017328003475119237, -0.9993152876203448, 0.02906498149174556], [0.0, 0.0, 0.0, 1.0]], null, null, null, null, [[-0.9980579247677759, 0.05920848753572796, -0.019358042565304663, -0.03710909897429309], [0.059550943544629684, 0.9980697452819091, -0.01762012133463327, -0.18128842492694686], [0.018277415877889842, -0.018738691433342232, -0.999657340048172, 0.008341320383912285], [0.0, 0.0, 0.0, 1.0]], [[-0.9997559681431868, -0.015354088823320093, 0.01588257279166366, 0.01161634367198141], [-0.015461658741062569, -0.027154410095190457, -0.9995116683267644, 0.15031308634932883], [0.015777872830386088, -0.9995133265588719, 0.026910383872406515, 0.024020573826650675], [0.0, 0.0, 0.0, 1.0]], null, null, null, null, null, null, null, null, null, null, null, null, null, null, null, null, null, null, null, null]}, "1-18-11": {"poses_world": [null, null, null, null, null